?dnUniform
?dnPoisson
n_letters <- v(13,17,14,10,13,16,14,14,11,14,9,14,13,10,11,12,17,15,23,16,13,14,12,16,15,19,14,11,15,14,17,20,27,21,12,6,18,10,8,12,11,14,14,15,16,17,12,13,17,10,16,20,15,12,24,10,17,14,14,13,15,12,14,17,9,16,27,10,16,9,15,11,16,11,17,17,11,20,23,12,18,26,12,17,16,12,11,16,21,19,20,19,15,15,7,14,12,12,15,10,19,19,17,15,17,20,17,17,11,11,17,16,15,12,16,17,14,18,15,15,10,17,12,16,22,20,23,16,11,19,16,22,13,14,11,10,19,16,19,15,16,16,16,19,14,19,14,10,7,11,12,9,13,18,23,13,16,11,15,13,15,19,16,21,14,14,14,12,15,16,18,15,15,13,15,19,11,17,13,9,13,16,16,13,13,13,18,21,14,14,13,8,21,20,15,20,10,16,18,14,21,15,20,15,15,9,16,16,11,19,12,31,19,18,13,11,14,14,11,10,11,12,13,17,14,14,25,17,18,16,18,11,23,23,14,14,11,17,11,12,18,15,15,13,16,18,15,16,14,11,11,17,18,14,20,17,16,13,12,14,14,18,16,21,16,15,18,19,22,16,15,10,12,11,9,18,11,13,5,13,16,14,12,23,19,14,17,11,17,18,17,16,11,22,18,20,11,12,9,8,12,12,17,16,12,20,19,15,9,14,11,13,13,23,16,10,17,14,20,11,20,15,20,15,19,19,16,15,14,18,24,18,12,16,10,18,16,19,13,13,13,22,13,15,17,17,20,18,18,12,13,14,17,15,17,20,18,22,23,13,16,15,18,10,19,12,14,19,14,19,23,19,22,8,14,20,22,14,13,13,9,11,13,14,16,16,16,14,16,24,11,10,14,14,14,18,15,11,12,15,16,13,8,13,21,19,17,18,10,14,14,16,14,11,14,12,15,9,17,17,21,11,8,22,18,18,23,20,14,10,15,10,18,12,10,18,17,18,18,9,15,18,15,15,17,15,18,16,9,16,15,10,18,18,19,8,18,17,10,11,17,12,14,16,14,10,10,20,16,11,15,14,15,21,15,21,16,17,18,12,14,10,13,17,12,14,26,23,20,12,21,17,11,12,12,11,15,19,15,12,15,12,21,13,19,17,18,17,11,22,17,13,11,16,16,10,17,14,17,18)
n_letters.methods()
n_letters <- v(13,17,14,10,13,16,14,14,11,14,9,14,13,10,11,12,17,15,23,16,13,14,12,16,15,19,14,11,15,14,17,20,27,21,12,6,18,10,8,12,11,14,14,15,16,17,12,13,17,10,16,20,15,12,24,10,17,14,14,13,15,12,14,17,9,16,27,10,16,9,15,11,16,11,17,17,11,20,23,12,18,26,12,17,16,12,11,16,21,19,20,19,15,15,7,14,12,12,15,10,19,19,17,15,17,20,17,17,11,11,17,16,15,12,16,17,14,18,15,15,10,17,12,16,22,20,23,16,11,19,16,22,13,14,11,10,19,16,19,15,16,16,16,19,14,19,14,10,7,11,12,9,13,18,23,13,16,11,15,13,15,19,16,21,14,14,14,12,15,16,18,15,15,13,15,19,11,17,13,9,13,16,16,13,13,13,18,21,14,14,13,8,21,20,15,20,10,16,18,14,21,15,20,15,15,9,16,16,11,19,12,31,19,18,13,11,14,14,11,10,11,12,13,17,14,14,25,17,18,16,18,11,23,23,14,14,11,17,11,12,18,15,15,13,16,18,15,16,14,11,11,17,18,14,20,17,16,13,12,14,14,18,16,21,16,15,18,19,22,16,15,10,12,11,9,18,11,13,5,13,16,14,12,23,19,14,17,11,17,18,17,16,11,22,18,20,11,12,9,8,12,12,17,16,12,20,19,15,9,14,11,13,13,23,16,10,17,14,20,11,20,15,20,15,19,19,16,15,14,18,24,18,12,16,10,18,16,19,13,13,13,22,13,15,17,17,20,18,18,12,13,14,17,15,17,20,18,22,23,13,16,15,18,10,19,12,14,19,14,19,23,19,22,8,14,20,22,14,13,13,9,11,13,14,16,16,16,14,16,24,11,10,14,14,14,18,15,11,12,15,16,13,8,13,21,19,17,18,10,14,14,16,14,11,14,12,15,9,17,17,21,11,8,22,18,18,23,20,14,10,15,10,18,12,10,18,17,18,18,9,15,18,15,15,17,15,18,16,9,16,15,10,18,18,19,8,18,17,10,11,17,12,14,16,14,10,10,20,16,11,15,14,15,21,15,21,16,17,18,12,14,10,13,17,12,14,26,23,20,12,21,17,11,12,12,11,15,19,15,12,15,12,21,13,19,17,18,17,11,22,17,13,11,16,16,10,17,14,17,18)
n_weeks <- n_letters.size()
lambda ~ dnUniform(lower=0, upper=1000)
for (i in 1:n_weeks) {
  num_letters_RV ~ dnPoisson(lambda=lambda)
}
num_letters_RV.clamp(n_letters)
q()
n_letters <- v(13,17,14,10,13,16,14,14,11,14,9,14,13,10,11,12,17,15,23,16,13,14,12,16,15,19,14,11,15,14,17,20,27,21,12,6,18,10,8,12,11,14,14,15,16,17,12,13,17,10,16,20,15,12,24,10,17,14,14,13,15,12,14,17,9,16,27,10,16,9,15,11,16,11,17,17,11,20,23,12,18,26,12,17,16,12,11,16,21,19,20,19,15,15,7,14,12,12,15,10,19,19,17,15,17,20,17,17,11,11,17,16,15,12,16,17,14,18,15,15,10,17,12,16,22,20,23,16,11,19,16,22,13,14,11,10,19,16,19,15,16,16,16,19,14,19,14,10,7,11,12,9,13,18,23,13,16,11,15,13,15,19,16,21,14,14,14,12,15,16,18,15,15,13,15,19,11,17,13,9,13,16,16,13,13,13,18,21,14,14,13,8,21,20,15,20,10,16,18,14,21,15,20,15,15,9,16,16,11,19,12,31,19,18,13,11,14,14,11,10,11,12,13,17,14,14,25,17,18,16,18,11,23,23,14,14,11,17,11,12,18,15,15,13,16,18,15,16,14,11,11,17,18,14,20,17,16,13,12,14,14,18,16,21,16,15,18,19,22,16,15,10,12,11,9,18,11,13,5,13,16,14,12,23,19,14,17,11,17,18,17,16,11,22,18,20,11,12,9,8,12,12,17,16,12,20,19,15,9,14,11,13,13,23,16,10,17,14,20,11,20,15,20,15,19,19,16,15,14,18,24,18,12,16,10,18,16,19,13,13,13,22,13,15,17,17,20,18,18,12,13,14,17,15,17,20,18,22,23,13,16,15,18,10,19,12,14,19,14,19,23,19,22,8,14,20,22,14,13,13,9,11,13,14,16,16,16,14,16,24,11,10,14,14,14,18,15,11,12,15,16,13,8,13,21,19,17,18,10,14,14,16,14,11,14,12,15,9,17,17,21,11,8,22,18,18,23,20,14,10,15,10,18,12,10,18,17,18,18,9,15,18,15,15,17,15,18,16,9,16,15,10,18,18,19,8,18,17,10,11,17,12,14,16,14,10,10,20,16,11,15,14,15,21,15,21,16,17,18,12,14,10,13,17,12,14,26,23,20,12,21,17,11,12,12,11,15,19,15,12,15,12,21,13,19,17,18,17,11,22,17,13,11,16,16,10,17,14,17,18)
n_weeks <- n_letters.size()
lambda ~ dnUniform(lower=0, upper=1000)
for (i in 1:n_weeks) {
  num_letters_RV[i] ~ dnPoisson(lambda=lambda)
}
num_letters_RV.clamp(n_letters)
n_letters <- v(13,17,14,10,13,16,14,14,11,14,9,14,13,10,11,12,17,15,23,16,13,14,12,16,15,19,14,11,15,14,17,20,27,21,12,6,18,10,8,12,11,14,14,15,16,17,12,13,17,10,16,20,15,12,24,10,17,14,14,13,15,12,14,17,9,16,27,10,16,9,15,11,16,11,17,17,11,20,23,12,18,26,12,17,16,12,11,16,21,19,20,19,15,15,7,14,12,12,15,10,19,19,17,15,17,20,17,17,11,11,17,16,15,12,16,17,14,18,15,15,10,17,12,16,22,20,23,16,11,19,16,22,13,14,11,10,19,16,19,15,16,16,16,19,14,19,14,10,7,11,12,9,13,18,23,13,16,11,15,13,15,19,16,21,14,14,14,12,15,16,18,15,15,13,15,19,11,17,13,9,13,16,16,13,13,13,18,21,14,14,13,8,21,20,15,20,10,16,18,14,21,15,20,15,15,9,16,16,11,19,12,31,19,18,13,11,14,14,11,10,11,12,13,17,14,14,25,17,18,16,18,11,23,23,14,14,11,17,11,12,18,15,15,13,16,18,15,16,14,11,11,17,18,14,20,17,16,13,12,14,14,18,16,21,16,15,18,19,22,16,15,10,12,11,9,18,11,13,5,13,16,14,12,23,19,14,17,11,17,18,17,16,11,22,18,20,11,12,9,8,12,12,17,16,12,20,19,15,9,14,11,13,13,23,16,10,17,14,20,11,20,15,20,15,19,19,16,15,14,18,24,18,12,16,10,18,16,19,13,13,13,22,13,15,17,17,20,18,18,12,13,14,17,15,17,20,18,22,23,13,16,15,18,10,19,12,14,19,14,19,23,19,22,8,14,20,22,14,13,13,9,11,13,14,16,16,16,14,16,24,11,10,14,14,14,18,15,11,12,15,16,13,8,13,21,19,17,18,10,14,14,16,14,11,14,12,15,9,17,17,21,11,8,22,18,18,23,20,14,10,15,10,18,12,10,18,17,18,18,9,15,18,15,15,17,15,18,16,9,16,15,10,18,18,19,8,18,17,10,11,17,12,14,16,14,10,10,20,16,11,15,14,15,21,15,21,16,17,18,12,14,10,13,17,12,14,26,23,20,12,21,17,11,12,12,11,15,19,15,12,15,12,21,13,19,17,18,17,11,22,17,13,11,16,16,10,17,14,17,18)
n_weeks <- n_letters.size()
lambda ~ dnUniform(lower=0, upper=1000)
for (i in 1:n_weeks) {
  num_letters_RV[i] ~ dnPoisson(lambda=lambda)
  num_letters_RV[i].clamp(n_letters[i])
}
q()
?powerPosterior
?pathSampler
q()
